0.03486119290700805	0.037594630651717066	<- Centroid + 
91.0	94510.0
8.0	84196.0
40.0	43567.0
50.0	61386.0
167.0	37162.0
24.0	87827.0
557.0	74110.0
29.0	76045.0
128.0	96350.0
102.0	98916.0
65.0	209797.0
91.0	54827.0
141.0	26579.0
58.0	38831.0
95.0	62106.0
45.0	34845.0
30.0	34162.0
116.0	28007.0
148.0	100957.0
18.0	33644.0
70.0	59369.0
36.0	47806.0
42.0	41071.0
123.0	51643.0
2.0	45806.0
64.0	92690.0
431.0	80220.0
0.0	43081.0
19.0	67804.0
107.0	58511.0
48.0	72417.0
48.0	82955.0
67.0	33338.0
34.0	77445.0
171.0	38665.0
83.0	97733.0
111.0	56265.0
133.0	96001.0
24.0	93345.0
32.0	45701.0
97.0	99779.0
14.0	33524.0
93.0	43653.0
94.0	102783.0
16.0	42012.0
90.0	46887.0
28.0	38629.0
51.0	63328.0
83.0	88116.0
78.0	41824.0
28.0	79204.0
32.0	43090.0
134.0	56488.0
306.0	113810.0
487.0	139599.0
126.0	32027.0
36.0	36466.0
36.0	54480.0
137.0	81639.0
44.0	86169.0
90.0	65416.0
67.0	46678.0
18.0	140264.0
64.0	34660.0
68.0	43843.0
48.0	38434.0
262.0	169385.0
101.0	50348.0
10.0	51692.0
312.0	95954.0
103.0	34705.0
100.0	91383.0
146.0	84197.0
31.0	53943.0
36.0	40893.0
285.0	170270.0
69.0	31422.0
59.0	53250.0
263.0	67168.0
74.0	44395.0
102.0	76904.0
15.0	37072.0
33.0	77290.0
450.0	142759.0
44.0	76357.0
22.0	64021.0
67.0	46527.0
112.0	63399.0
99.0	196736.0
35.0	45900.0
38.0	33069.0
111.0	95216.0
10.0	34928.0
16.0	38419.0
377.0	24689.0
46.0	65636.0
12.0	53778.0
9.0	48029.0
58.0	48214.0
57.0	53403.0
17.0	35506.0
16.0	37423.0
121.0	61284.0
99.0	45567.0
90.0	56243.0
14.0	67621.0
139.0	45056.0
327.0	57311.0
22.0	46173.0
27.0	39748.0
64.0	91377.0
139.0	59217.0
168.0	85540.0
31.0	33082.0
251.0	89937.0
31.0	61765.0
38.0	122679.0
112.0	73838.0
119.0	44895.0
42.0	36305.0
86.0	51694.0
33.0	37921.0
32.0	33891.0
22.0	53229.0
241.0	72197.0
62.0	30312.0
104.0	52099.0
26.0	37403.0
55.0	31680.0
38.0	33871.0
45.0	33263.0
54.0	33240.0
41.0	51453.0
39.0	40409.0
60.0	48498.0
27.0	47507.0
101.0	88850.0
32.0	42036.0
60.0	99435.0
187.0	66341.0
7.0	34030.0
162.0	77460.0
45.0	36464.0
120.0	76959.0
3.0	166546.0
160.0	70331.0
11.0	51749.0
30.0	70655.0
49.0	37158.0
155.0	82855.0
123.0	28019.0
42.0	32373.0
82.0	40119.0
117.0	41165.0
34.0	85748.0
284.0	102980.0
20.0	63404.0
142.0	45420.0
38.0	40321.0
171.0	85724.0
240.0	158141.0
365.0	124188.0
30.0	54289.0
84.0	216651.0
105.0	45715.0
214.0	44282.0
94.0	51508.0
56.0	55381.0
43.0	89821.0
24.0	34554.0
52.0	52520.0
25.0	52795.0
626.0	45575.0
131.0	88679.0
421.0	86701.0
106.0	55959.0
72.0	69836.0
101.0	84065.0
61.0	69204.0
251.0	32852.0
175.0	40641.0
151.0	77163.0
70.0	30779.0
339.0	49043.0
34.0	47165.0
87.0	75667.0
135.0	57034.0
52.0	55990.0
19.0	58569.0
190.0	178101.0
174.0	213607.0
269.0	45411.0
63.0	44689.0
12.0	102280.0
83.0	29539.0
8.0	39219.0
91.0	69719.0
56.0	86256.0
41.0	69584.0
376.0	127826.0
13.0	42273.0
82.0	59784.0
41.0	68821.0
28.0	35054.0
63.0	121361.0
116.0	34379.0
218.0	125457.0
40.0	38453.0
27.0	65094.0
33.0	59555.0
13.0	34813.0
32.0	36976.0
36.0	75088.0
28.0	45815.0
11.0	50576.0
262.0	66978.0
36.0	73007.0
36.0	47821.0
10.0	81629.0
424.0	72124.0
75.0	43705.0
115.0	54850.0
37.0	44109.0
5.0	58140.0
177.0	40812.0
43.0	69243.0
32.0	45783.0
74.0	35316.0
187.0	93548.0
18.0	42010.0
52.0	130533.0
110.0	112296.0
159.0	155930.0
134.0	93064.0
36.0	51639.0
103.0	58576.0
594.0	82528.0
160.0	100589.0
141.0	35216.0
130.0	117257.0
193.0	127087.0
113.0	62511.0
40.0	59294.0
27.0	91350.0
531.0	114232.0
203.0	151536.0
36.0	55118.0
295.0	138783.0
78.0	48057.0
36.0	56313.0
103.0	52947.0
20.0	36809.0
93.0	95130.0
63.0	37087.0
267.0	23921.0
24.0	53538.0
165.0	91453.0
22.0	65961.0
24.0	46888.0
14.0	38293.0
167.0	71341.0
11.0	34433.0
108.0	61327.0
31.0	75900.0
60.0	62980.0
117.0	77303.0
62.0	58308.0
85.0	48447.0
30.0	36337.0
65.0	229363.0
15.0	36709.0
68.0	91374.0
18.0	36764.0
79.0	37696.0
10.0	34868.0
119.0	43905.0
120.0	41096.0
256.0	78170.0
44.0	74923.0
90.0	133497.0
146.0	54009.0
68.0	120130.0
34.0	33267.0
132.0	38940.0
10.0	36400.0
216.0	51996.0
9.0	38191.0
61.0	30591.0
18.0	39637.0
102.0	65361.0
133.0	79716.0
10.0	34759.0
110.0	96817.0
40.0	32611.0
164.0	116490.0
43.0	72435.0
89.0	29320.0
154.0	44433.0
19.0	51516.0
102.0	82685.0
126.0	47947.0
82.0	74798.0
174.0	151071.0
74.0	85375.0
342.0	58619.0
35.0	51695.0
166.0	41562.0
76.0	111173.0
19.0	92386.0
67.0	62088.0
119.0	119705.0
28.0	40547.0
38.0	47358.0
11.0	54885.0
54.0	38181.0
50.0	157283.0
86.0	29205.0
15.0	38026.0
187.0	60821.0
27.0	80028.0
425.0	145025.0
32.0	42849.0
126.0	28935.0
337.0	125193.0
49.0	43778.0
108.0	46222.0
78.0	128264.0
78.0	124809.0
665.0	130247.0
29.0	92962.0
63.0	85149.0
164.0	99420.0
194.0	44176.0
91.0	35237.0
69.0	79773.0
63.0	33948.0
34.0	39696.0
61.0	53589.0
12.0	41603.0
104.0	27741.0
111.0	76546.0
292.0	28006.0
65.0	51319.0
42.0	74374.0
56.0	77557.0
41.0	42582.0
322.0	47633.0
98.0	59749.0
249.0	174636.0
33.0	54522.0
728.0	69781.0
22.0	60641.0
196.0	97995.0
13.0	52402.0
77.0	40190.0
174.0	56893.0
112.0	69046.0
231.0	42677.0
150.0	83419.0
34.0	37319.0
155.0	48706.0
51.0	52119.0
41.0	37539.0
56.0	64699.0
44.0	33422.0
32.0	33680.0
260.0	88497.0
50.0	52769.0
28.0	57892.0
409.0	154210.0
267.0	58785.0
180.0	67163.0
74.0	35019.0
177.0	144131.0
28.0	56638.0
44.0	41875.0
67.0	55566.0
42.0	59282.0
45.0	47956.0
82.0	39032.0
28.0	37360.0
105.0	40050.0
311.0	192904.0
34.0	33489.0
30.0	34071.0
142.0	154732.0
406.0	68811.0
66.0	36393.0
110.0	77819.0
85.0	33021.0
130.0	224582.0
147.0	44900.0
17.0	36969.0
19.0	45904.0
36.0	50051.0
589.0	105518.0
61.0	131200.0
46.0	92224.0
23.0	60642.0
41.0	33049.0
80.0	52145.0
86.0	47629.0
183.0	125391.0
34.0	52714.0
35.0	71110.0
164.0	107311.0
26.0	49432.0
58.0	64587.0
42.0	206995.0
169.0	36040.0
62.0	116352.0
77.0	102761.0
37.0	34977.0
66.0	33043.0
50.0	34570.0
292.0	145345.0
73.0	56126.0
39.0	46733.0
119.0	64626.0
33.0	57211.0
47.0	52253.0
381.0	29126.0
77.0	89939.0
64.0	100896.0
55.0	32764.0
50.0	49154.0
83.0	134093.0
42.0	67492.0
19.0	74499.0
68.0	46978.0
62.0	115195.0
202.0	69114.0
62.0	41554.0
44.0	81265.0
8.0	44037.0
40.0	41306.0
13.0	86302.0
201.0	32608.0
34.0	33420.0
2.0	88564.0
85.0	85467.0
44.0	38401.0
159.0	98077.0
77.0	33946.0
5.0	56621.0
17.0	38476.0
23.0	43821.0
38.0	66200.0
13.0	46060.0
141.0	100082.0
180.0	83245.0
224.0	116127.0
108.0	92718.0
81.0	34990.0
182.0	144197.0
74.0	56660.0
183.0	75825.0
124.0	45256.0
10.0	55564.0
90.0	30124.0
57.0	68459.0
70.0	32363.0
364.0	164068.0
142.0	128303.0
48.0	46432.0
27.0	42045.0
114.0	83864.0
91.0	64884.0
74.0	56160.0
47.0	39495.0
69.0	31872.0
82.0	106920.0
67.0	101821.0
22.0	41978.0
82.0	195514.0
42.0	43728.0
12.0	64678.0
72.0	49452.0
24.0	35958.0
265.0	150995.0
57.0	39590.0
64.0	55652.0
188.0	34065.0
38.0	33572.0
302.0	139821.0
10.0	78019.0
39.0	37663.0
24.0	47909.0
96.0	73769.0
28.0	100366.0
221.0	193276.0
157.0	33036.0
80.0	32920.0
181.0	156076.0
129.0	133739.0
79.0	43344.0
93.0	29627.0
27.0	65674.0
40.0	33292.0
44.0	74543.0
32.0	42217.0
8.0	38404.0
130.0	52409.0
21.0	51504.0
291.0	78450.0
29.0	65439.0
78.0	34631.0
197.0	21264.0
76.0	43998.0
115.0	41233.0
415.0	140022.0
32.0	40999.0
167.0	40443.0
26.0	33487.0
157.0	94916.0
141.0	81519.0
323.0	70743.0
107.0	184436.0
22.0	128880.0
6.0	42711.0
122.0	176672.0
28.0	47657.0
90.0	32148.0
169.0	112039.0
24.0	58444.0
53.0	33774.0
76.0	31221.0
255.0	22757.0
7.0	37218.0
120.0	61363.0
38.0	72104.0
80.0	30171.0
76.0	37515.0
132.0	62492.0
71.0	141675.0
124.0	32868.0
296.0	72088.0
157.0	219902.0
58.0	30499.0
51.0	42671.0
111.0	29645.0
93.0	93850.0
39.0	82693.0
72.0	41498.0
54.0	39412.0
657.0	144316.0
30.0	35871.0
23.0	82446.0
23.0	134620.0
37.0	44925.0
112.0	28154.0
75.0	133013.0
35.0	64189.0
40.0	59074.0
338.0	195621.0
45.0	94378.0
93.0	214593.0
90.0	40920.0
59.0	52133.0
15.0	43126.0
156.0	94018.0
285.0	84121.0
102.0	120394.0
11.0	34829.0
112.0	67206.0
89.0	65853.0
152.0	47471.0
146.0	118941.0
4.0	55790.0
261.0	131812.0
60.0	37616.0
123.0	116883.0
62.0	73760.0
78.0	134831.0
98.0	40223.0
18.0	59334.0
70.0	67347.0
98.0	97766.0
105.0	33401.0
10.0	33703.0
157.0	95594.0
41.0	112564.0
117.0	173845.0
42.0	37511.0
271.0	24779.0
179.0	148286.0
96.0	81759.0
42.0	34654.0
35.0	40903.0
438.0	106760.0
26.0	36083.0
126.0	85472.0
22.0	90060.0
121.0	47613.0
73.0	42252.0
142.0	178543.0
23.0	86075.0
87.0	63793.0
85.0	32461.0
134.0	88916.0
36.0	36722.0
408.0	148355.0
447.0	102981.0
49.0	70806.0
229.0	53168.0
245.0	92965.0
21.0	43672.0
32.0	128009.0
91.0	43025.0
53.0	45849.0
121.0	42951.0
141.0	184635.0
57.0	55919.0
182.0	196078.0
161.0	175703.0
62.0	76912.0
134.0	65746.0
146.0	104849.0
148.0	146822.0
68.0	140045.0
84.0	75110.0
65.0	44668.0
39.0	45475.0
55.0	55957.0
120.0	184754.0
351.0	40916.0
127.0	42786.0
63.0	45076.0
131.0	51489.0
170.0	66042.0
64.0	66899.0
32.0	81871.0
147.0	148085.0
69.0	38102.0
306.0	191826.0
62.0	93986.0
110.0	39412.0
174.0	29348.0
86.0	70735.0
103.0	47851.0
22.0	58789.0
90.0	47611.0
4.0	34788.0
233.0	70319.0
68.0	56007.0
80.0	29376.0
43.0	81247.0
451.0	93547.0
58.0	38151.0
61.0	69479.0
51.0	45106.0
6.0	36326.0
87.0	34596.0
58.0	45572.0
97.0	46858.0
52.0	59781.0
37.0	32441.0
106.0	55336.0
405.0	98816.0
160.0	36945.0
186.0	140827.0
205.0	120532.0
311.0	116937.0
80.0	36560.0
475.0	172301.0
87.0	41194.0
48.0	65298.0
35.0	32456.0
67.0	60224.0
206.0	148832.0
223.0	55967.0
50.0	31597.0
337.0	151105.0
22.0	40932.0
119.0	131840.0
32.0	48259.0
99.0	107979.0
172.0	83102.0
93.0	69490.0
7.0	48243.0
92.0	47753.0
45.0	74315.0
65.0	32224.0
236.0	70246.0
43.0	35851.0
19.0	47374.0
55.0	43509.0
311.0	139644.0
12.0	39252.0
68.0	46380.0
23.0	94565.0
105.0	126490.0
29.0	55164.0
6.0	41665.0
178.0	115168.0
82.0	47663.0
30.0	42494.0
13.0	48583.0
88.0	186427.0
44.0	181078.0
34.0	66553.0
100.0	34987.0
36.0	150779.0
33.0	36778.0
11.0	37041.0
182.0	26136.0
38.0	36156.0
56.0	48356.0
123.0	107803.0
129.0	90788.0
420.0	59505.0
13.0	66680.0
48.0	31633.0
73.0	52623.0
28.0	72037.0
113.0	60549.0
54.0	44341.0
17.0	148606.0
120.0	54852.0
120.0	68870.0
614.0	144619.0
123.0	57143.0
104.0	93581.0
25.0	38651.0
50.0	84845.0
214.0	200492.0
31.0	60937.0
176.0	23650.0
54.0	31213.0
15.0	44598.0
123.0	69810.0
109.0	32694.0
82.0	68658.0
159.0	26941.0
44.0	89873.0
22.0	57008.0
49.0	51996.0
213.0	102195.0
82.0	46399.0
14.0	110191.0
79.0	87948.0
47.0	49259.0
10.0	49869.0
18.0	36683.0
318.0	190554.0
55.0	34435.0
343.0	84067.0
17.0	38084.0
107.0	49902.0
131.0	73936.0
203.0	46917.0
77.0	51780.0
248.0	29906.0
19.0	38956.0
41.0	34744.0
100.0	61991.0
102.0	60887.0
97.0	208803.0
529.0	54530.0
41.0	43153.0
143.0	27323.0
340.0	54144.0
71.0	88699.0
64.0	53320.0
137.0	68811.0
126.0	76994.0
141.0	40453.0
373.0	66385.0
145.0	57156.0
49.0	57844.0
131.0	35031.0
82.0	46406.0
7.0	61725.0
96.0	29436.0
215.0	31540.0
23.0	45141.0
104.0	80878.0
36.0	43456.0
35.0	32868.0
297.0	183296.0
52.0	59838.0
115.0	59548.0
180.0	126091.0
26.0	37504.0
56.0	32509.0
9.0	36574.0
42.0	51445.0
153.0	45450.0
78.0	62252.0
57.0	67891.0
479.0	74162.0
56.0	34100.0
69.0	143321.0
5.0	39038.0
44.0	35381.0
119.0	89971.0
37.0	60715.0
154.0	24995.0
23.0	43127.0
79.0	36550.0
86.0	35975.0
40.0	40457.0
46.0	72534.0
92.0	61501.0
118.0	42297.0
39.0	34291.0
45.0	37818.0
187.0	30958.0
125.0	29071.0
65.0	42696.0
20.0	33112.0
25.0	55860.0
192.0	75166.0
169.0	88451.0
17.0	35216.0
76.0	67161.0
36.0	32848.0
284.0	126486.0
302.0	72117.0
113.0	60691.0
90.0	44611.0
43.0	44905.0
11.0	116286.0
51.0	76339.0
135.0	153457.0
9.0	45950.0
35.0	48431.0
70.0	89380.0
117.0	73058.0
52.0	47046.0
114.0	76769.0
81.0	125952.0
197.0	205192.0
23.0	63498.0
78.0	110406.0
40.0	56234.0
49.0	54790.0
122.0	117174.0
55.0	41426.0
32.0	39483.0
46.0	68314.0
32.0	59889.0
140.0	41534.0
64.0	97701.0
60.0	131712.0
55.0	47509.0
82.0	33695.0
11.0	37605.0
38.0	33465.0
84.0	44386.0
41.0	32486.0
107.0	79053.0
37.0	47148.0
31.0	94458.0
21.0	83076.0
188.0	202739.0
18.0	35112.0
276.0	66921.0
54.0	39526.0
340.0	46435.0
17.0	154499.0
61.0	32947.0
233.0	59025.0
60.0	36408.0
83.0	35964.0
31.0	34271.0
29.0	77686.0
14.0	54530.0
240.0	52364.0
13.0	42678.0
337.0	194826.0
46.0	34185.0
95.0	136747.0
108.0	78747.0
85.0	46774.0
32.0	42118.0
41.0	67493.0
340.0	152765.0
68.0	45329.0
69.0	32452.0
27.0	53293.0
50.0	36001.0
482.0	62230.0
8.0	108468.0
49.0	36559.0
394.0	175423.0
90.0	135939.0
345.0	63200.0
12.0	58384.0
44.0	52156.0
9.0	35667.0
11.0	40025.0
331.0	190310.0
55.0	37633.0
30.0	44742.0
59.0	39092.0
86.0	163514.0
67.0	72847.0
12.0	46280.0
68.0	62056.0
63.0	63420.0
49.0	43856.0
70.0	32425.0
36.0	46541.0
38.0	49324.0
59.0	57097.0
249.0	52341.0
80.0	29721.0
87.0	67454.0
175.0	209339.0
20.0	50917.0
160.0	27970.0
88.0	71571.0
22.0	40852.0
177.0	37740.0
20.0	57784.0
34.0	48442.0
98.0	33482.0
57.0	59679.0
70.0	126671.0
138.0	93543.0
115.0	54724.0
71.0	199035.0
55.0	53002.0
134.0	57082.0
48.0	71682.0
83.0	51531.0
5.0	35267.0
68.0	118462.0
39.0	44009.0
57.0	40745.0
51.0	160452.0
20.0	102966.0
145.0	114220.0
10.0	40898.0
64.0	48494.0
49.0	122960.0
104.0	114232.0
144.0	216831.0
36.0	52744.0
596.0	83820.0
67.0	34822.0
52.0	76678.0
81.0	43837.0
101.0	33038.0
266.0	122710.0
74.0	64879.0
152.0	92472.0
40.0	42960.0
50.0	54881.0
18.0	65880.0
39.0	60784.0
59.0	46406.0
106.0	29582.0
72.0	47122.0
23.0	72790.0
9.0	43757.0
84.0	54306.0
26.0	33343.0
33.0	34984.0
37.0	44487.0
30.0	71408.0
107.0	54555.0
17.0	48534.0
33.0	69919.0
261.0	49930.0
40.0	38233.0
30.0	47881.0
72.0	96074.0
42.0	42457.0
83.0	66068.0
384.0	178164.0
53.0	36729.0
223.0	195525.0
90.0	125123.0
234.0	65061.0
337.0	48906.0
37.0	37027.0
40.0	38893.0
280.0	175084.0
89.0	30783.0
222.0	188377.0
67.0	66578.0
39.0	49463.0
251.0	60857.0
50.0	72003.0
35.0	48858.0
126.0	210593.0
301.0	172855.0
95.0	29643.0
31.0	41189.0
25.0	60822.0
56.0	57928.0
48.0	60300.0
114.0	48103.0
26.0	40476.0
68.0	34013.0
51.0	31203.0
358.0	132070.0
19.0	105660.0
106.0	49421.0
56.0	60278.0
84.0	39424.0
57.0	78189.0
70.0	71090.0
45.0	53955.0
211.0	169344.0
44.0	32528.0
44.0	35819.0
49.0	59203.0
23.0	107701.0
53.0	43478.0
20.0	56381.0
44.0	50475.0
78.0	81235.0
165.0	122280.0
25.0	38820.0
50.0	199998.0
59.0	44406.0
272.0	114387.0
66.0	69975.0
270.0	145204.0
15.0	49634.0
149.0	36087.0
49.0	36560.0
131.0	80630.0
61.0	106370.0
261.0	46833.0
131.0	36785.0
164.0	165868.0
29.0	42046.0
89.0	54209.0
214.0	129729.0
207.0	189548.0
23.0	44888.0
38.0	150045.0
61.0	32233.0
33.0	52002.0
63.0	62727.0
123.0	48570.0
64.0	63878.0
212.0	55950.0
135.0	60485.0
196.0	40260.0
76.0	109313.0
453.0	47006.0
45.0	33195.0
147.0	27322.0
13.0	39626.0
34.0	62883.0
63.0	30930.0
161.0	55593.0
17.0	44212.0
43.0	64850.0
1.0	49074.0
26.0	40199.0
18.0	87337.0
18.0	145589.0
61.0	50059.0
41.0	52261.0
185.0	148173.0
31.0	86247.0
19.0	66864.0
83.0	94066.0
18.0	57084.0
119.0	48291.0
19.0	37000.0
73.0	40615.0
110.0	27178.0
38.0	48738.0
78.0	60495.0
101.0	201332.0
8.0	35743.0
44.0	33562.0
90.0	71895.0
128.0	105205.0
66.0	98902.0
15.0	58297.0
41.0	44681.0
365.0	136323.0
260.0	150069.0
588.0	136982.0
42.0	76529.0
113.0	135567.0
77.0	31957.0
28.0	53358.0
273.0	61086.0
50.0	33015.0
95.0	70852.0
61.0	33221.0
60.0	70234.0
318.0	80720.0
181.0	27267.0
43.0	52016.0
450.0	116835.0
26.0	154874.0
28.0	161426.0
106.0	62195.0
64.0	47639.0
133.0	76923.0
213.0	49011.0
41.0	32870.0
43.0	32747.0
35.0	61622.0
122.0	46921.0
94.0	80994.0
155.0	108316.0
190.0	84687.0
3.0	42475.0
234.0	113488.0
202.0	113348.0
70.0	65312.0
31.0	38668.0
686.0	94158.0
5.0	49512.0
78.0	83711.0
40.0	90298.0
40.0	42370.0
95.0	61252.0
53.0	130108.0
43.0	77886.0
110.0	62622.0
354.0	99752.0
31.0	59179.0
119.0	59843.0
65.0	34162.0
179.0	50871.0
62.0	83708.0
30.0	33884.0
80.0	31607.0
36.0	32749.0
37.0	59735.0
22.0	99095.0
0.0	39553.0
57.0	42262.0
46.0	61782.0
84.0	35466.0
92.0	57062.0
114.0	36330.0
40.0	44359.0
16.0	46891.0
80.0	109770.0
16.0	35947.0
571.0	120555.0
72.0	63997.0
31.0	64811.0
59.0	35039.0
28.0	163365.0
38.0	46288.0
106.0	77684.0
22.0	54281.0
20.0	34631.0
56.0	46259.0
73.0	139855.0
30.0	51393.0
47.0	49556.0
156.0	78128.0
63.0	218004.0
149.0	118081.0
141.0	67587.0
251.0	74392.0
5.0	46567.0
11.0	41196.0
10.0	37075.0
24.0	61427.0
67.0	94275.0
36.0	40970.0
88.0	59905.0
637.0	133892.0
95.0	36644.0
80.0	46988.0
183.0	162082.0
89.0	35516.0
170.0	176176.0
160.0	38948.0
34.0	79875.0
16.0	39739.0
37.0	62066.0
120.0	128271.0
86.0	53211.0
25.0	81685.0
80.0	60062.0
32.0	32368.0
14.0	39223.0
54.0	48312.0
41.0	100660.0
538.0	95572.0
22.0	55043.0
30.0	40878.0
96.0	32530.0
84.0	34848.0
71.0	76190.0
152.0	66501.0
36.0	34089.0
22.0	40308.0
62.0	33120.0
5.0	41179.0
31.0	40940.0
216.0	100088.0
217.0	142978.0
39.0	37922.0
32.0	35439.0
22.0	34111.0
99.0	69786.0
50.0	40220.0
17.0	46225.0
49.0	87000.0
285.0	17845.0
14.0	87386.0
52.0	44055.0
36.0	63698.0
41.0	39072.0
227.0	20470.0
79.0	85247.0
188.0	37981.0
12.0	72149.0
24.0	64907.0
133.0	112783.0
136.0	62026.0
39.0	36950.0
68.0	99279.0
22.0	33822.0
152.0	35200.0
83.0	119623.0
34.0	52218.0
159.0	100900.0
110.0	34477.0
41.0	57728.0
63.0	43202.0
113.0	53147.0
124.0	70108.0
35.0	47391.0
46.0	32430.0
137.0	41132.0
33.0	51566.0
64.0	79118.0
462.0	169254.0
43.0	40626.0
17.0	36296.0
178.0	82120.0
56.0	37566.0
22.0	39631.0
49.0	44595.0
78.0	69690.0
53.0	42827.0
26.0	111088.0
203.0	86224.0
73.0	55365.0
29.0	55710.0
195.0	140098.0
177.0	50595.0
49.0	45933.0
29.0	45439.0
28.0	61210.0
34.0	94813.0
28.0	39917.0
21.0	58958.0
459.0	41748.0
57.0	33630.0
48.0	67220.0
231.0	123379.0
325.0	118226.0
118.0	68613.0
19.0	44599.0
336.0	65575.0
89.0	76818.0
94.0	135587.0
44.0	37743.0
29.0	53398.0
9.0	39461.0
16.0	39857.0
397.0	39653.0
25.0	46678.0
149.0	29145.0
62.0	55517.0
144.0	64875.0
52.0	76852.0
87.0	130727.0
31.0	32352.0
60.0	86927.0
21.0	142970.0
37.0	48043.0
137.0	42559.0
105.0	33737.0
212.0	160226.0
149.0	92653.0
36.0	33067.0
83.0	91358.0
58.0	105168.0
92.0	29930.0
32.0	44051.0
201.0	198829.0
119.0	30237.0
32.0	45878.0
20.0	75614.0
36.0	55539.0
44.0	33883.0
321.0	82216.0
13.0	58862.0
7.0	42459.0
18.0	36804.0
86.0	41043.0
55.0	58234.0
48.0	107404.0
19.0	66037.0
160.0	26454.0
118.0	54499.0
149.0	41164.0
129.0	41262.0
759.0	133589.0
153.0	36576.0
110.0	97923.0
75.0	96756.0
120.0	79166.0
38.0	39583.0
170.0	129946.0
122.0	112203.0
149.0	74845.0
79.0	41444.0
78.0	85086.0
383.0	142504.0
34.0	44910.0
213.0	68694.0
47.0	46748.0
135.0	67755.0
154.0	30309.0
102.0	38445.0
192.0	121844.0
136.0	72920.0
5.0	54002.0
27.0	84810.0
37.0	47065.0
102.0	188753.0
47.0	51800.0
62.0	101969.0
28.0	46042.0
37.0	36336.0
180.0	131800.0
62.0	34766.0
191.0	68877.0
65.0	88895.0
67.0	57621.0
13.0	46254.0
60.0	38747.0
64.0	33407.0
75.0	47102.0
11.0	51321.0
107.0	39262.0
17.0	69505.0
75.0	34110.0
168.0	123681.0
68.0	37520.0
24.0	61118.0
64.0	112506.0
32.0	74938.0
3.0	49190.0
17.0	34844.0
125.0	42758.0
121.0	44217.0
32.0	39909.0
29.0	40775.0
66.0	174181.0
20.0	107422.0
130.0	32171.0
41.0	78323.0
52.0	70474.0
91.0	42512.0
63.0	82388.0
59.0	62384.0
52.0	67526.0
28.0	67229.0
170.0	43831.0
25.0	36771.0
102.0	72567.0
16.0	37473.0
91.0	68141.0
64.0	64655.0
47.0	45920.0
26.0	67542.0
115.0	52432.0
29.0	86721.0
9.0	37576.0
16.0	40741.0
42.0	32276.0
44.0	34780.0
31.0	72394.0
10.0	40520.0
56.0	68902.0
65.0	176251.0
151.0	52595.0
30.0	37706.0
187.0	84155.0
7.0	60875.0
9.0	41516.0
79.0	32176.0
77.0	138204.0
195.0	166254.0
122.0	90269.0
189.0	150554.0
28.0	90375.0
100.0	98703.0
5.0	37307.0
17.0	41303.0
148.0	119697.0
47.0	53646.0
65.0	57962.0
263.0	150751.0
8.0	77536.0
25.0	58318.0
167.0	45417.0
112.0	62098.0
20.0	33280.0
114.0	67257.0
16.0	44443.0
47.0	38229.0
163.0	80443.0
11.0	104619.0
43.0	61794.0
84.0	42407.0
273.0	34857.0
205.0	163687.0
48.0	44406.0
53.0	38634.0
42.0	32970.0
263.0	131856.0
79.0	61634.0
175.0	41193.0
224.0	96787.0
83.0	63985.0
26.0	39632.0
39.0	83658.0
47.0	128598.0
48.0	38660.0
25.0	49431.0
65.0	114046.0
34.0	33870.0
52.0	32368.0
69.0	39292.0
171.0	59765.0
79.0	87761.0
88.0	98951.0
40.0	45315.0
200.0	100153.0
10.0	38945.0
21.0	33431.0
76.0	78197.0
46.0	55712.0
105.0	67329.0
42.0	42449.0
17.0	47849.0
24.0	42724.0
13.0	45441.0
19.0	50317.0
73.0	84606.0
32.0	45359.0
47.0	79857.0
47.0	114702.0
70.0	31408.0
107.0	38360.0
69.0	55329.0
62.0	61336.0
21.0	43381.0
39.0	57348.0
17.0	46558.0
81.0	107863.0
80.0	60469.0
4.0	56583.0
58.0	43408.0
23.0	70477.0
12.0	35009.0
11.0	49759.0
62.0	35092.0
162.0	102768.0
78.0	102874.0
80.0	103677.0
106.0	52815.0
69.0	71476.0
49.0	44057.0
22.0	80980.0
38.0	69600.0
234.0	48383.0
56.0	118789.0
133.0	43955.0
78.0	30515.0
76.0	37584.0
57.0	48420.0
131.0	201826.0
82.0	55700.0
11.0	43845.0
15.0	79569.0
47.0	57882.0
66.0	177703.0
38.0	45248.0
30.0	39093.0
273.0	179251.0
72.0	134584.0
45.0	51742.0
211.0	40449.0
205.0	65214.0
320.0	170984.0
63.0	183162.0
23.0	36555.0
202.0	181947.0
48.0	114621.0
37.0	65231.0
46.0	36801.0
41.0	44331.0
61.0	67306.0
164.0	34748.0
56.0	33827.0
39.0	41927.0
70.0	62833.0
169.0	58806.0
97.0	28510.0
179.0	93189.0
117.0	81955.0
34.0	37701.0
58.0	39818.0
130.0	44444.0
2.0	36005.0
10.0	46051.0
30.0	36592.0
68.0	71402.0
127.0	41439.0
63.0	49864.0
47.0	52555.0
175.0	37605.0
157.0	60808.0
83.0	72112.0
594.0	94019.0
37.0	70435.0
156.0	62341.0
51.0	107941.0
130.0	71505.0
128.0	105419.0
35.0	55712.0
309.0	59314.0
25.0	37228.0

