0.02504257115732856	5.79828251877422E-4	<- Centroid + 
13.0	46.0
15.0	3079.0
14.0	1359.0

0.11054113465175787	0.20490014262346093	<- Centroid + 
94.0	16382.0
92.0	230.0
90.0	55.0
88.0	120.0
86.0	102.0
84.0	235.0
82.0	70.0
80.0	63.0
78.0	119.0
76.0	145.0
74.0	250.0
72.0	767.0
70.0	388.0
68.0	510.0
66.0	632.0
64.0	1643.0
62.0	2070.0
60.0	1579.0
58.0	4777.0
56.0	3667.0
52.0	11158.0
50.0	12214.0
48.0	15231.0
46.0	22124.0
44.0	43052.0
42.0	46090.0
40.0	57266.0
38.0	91028.0
36.0	112725.0
34.0	148525.0
32.0	171135.0
30.0	192084.0
28.0	205564.0
26.0	207289.0
24.0	151541.0
22.0	65417.0
20.0	27774.0
54.0	6697.0
93.0	1369.0
91.0	57.0
89.0	241.0
87.0	79.0
85.0	411.0
83.0	51.0
81.0	29.0
79.0	164.0
77.0	91.0
75.0	351.0
73.0	611.0
71.0	292.0
69.0	402.0
67.0	641.0
65.0	1390.0
63.0	807.0
61.0	1216.0
59.0	4198.0
57.0	2717.0
55.0	4508.0
51.0	8740.0
49.0	13962.0
47.0	19356.0
45.0	28743.0
43.0	41585.0
41.0	49844.0
39.0	66986.0
37.0	89636.0
35.0	115755.0
33.0	153075.0
31.0	182681.0
29.0	212371.0
27.0	203003.0
25.0	180803.0
23.0	101964.0
21.0	41590.0
53.0	6648.0

